;; MJD	etburst	mag	-emag	+emag	limmag	filter	imagename
58653.391655	0.01389	16.095	16.078	16.112	19.22873	V	m15_data/M15-1_20190619_092359_d167_Nickel_V_c.fit
58653.392604	0.04167	16.087	16.074	16.1	19.87838	V	m15_data/M15-1_20190619_092521_d168_Nickel_V_c.fit
58653.393877	0.125	16.06	16.048	16.072	20.43501	V	m15_data/M15-1_20190619_092711_d169_Nickel_V_c.fit
58653.397002	0.01389	16.049	16.032	16.066	19.22221	V	m15_data/M15-1_20190619_093141_d170_Nickel_V_c.fit
58653.397685	0.04167	16.052	16.037	16.067	19.90934	V	m15_data/M15-1_20190619_093240_d171_Nickel_V_c.fit
58658.382072	0.01389	16.129	16.106	16.152	19.01744	V	m15_data/M15-1_20190624_091011_d128_Nickel_V_c.fit
58658.382986	0.04167	16.116	16.101	16.131	19.12287	V	m15_data/M15-1_20190624_091130_d129_Nickel_V_c.fit
58658.384572	0.125	16.115	16.105	16.125	20.14019	V	m15_data/M15-1_20190624_091347_d130_Nickel_V_c.fit
58661.372257	0.01389	15.823	15.796	15.85	17.55	V	m15_data/M15-1_20190627_085603_d141_Nickel_V_c.fit
58661.373958	0.04167	15.845	15.827	15.863	18.25029	V	m15_data/M15-1_20190627_085830_d142_Nickel_V_c.fit
58661.375359	0.125	15.848	15.833	15.863	18.87133	V	m15_data/M15-1_20190627_090031_d143_Nickel_V_c.fit
58661.378692	0.01389	15.862	15.835	15.889	17.60007	V	m15_data/M15-1_20190627_090519_d144_Nickel_V_c.fit
58664.394178	0.01389	15.763	15.745	15.781	19.00264	V	m15_data/M15-1_20190630_092737_d186_Nickel_V_c.fit
58664.394792	0.04167	15.77	15.753	15.787	19.81534	V	m15_data/M15-1_20190630_092830_d187_Nickel_V_c.fit
58664.39588	0.125	15.852	15.837	15.867	19.74003	V	m15_data/M15-1_20190630_093004_d188_Nickel_V_c.fit
58672.284537	0.01389	16.086	16.063	16.109	18.36331	V	m15_data/M15-1_20190708_064944_d159_Nickel_V_c.fit
58672.285752	0.04167	16.155	16.138	16.172	18.87402	V	m15_data/M15-1_20190708_065129_d160_Nickel_V_c.fit
58672.286991	0.125	16.141	16.13	16.152	19.4532	V	m15_data/M15-1_20190708_065316_d161_Nickel_V_c.fit
58672.460729	0.01389	16.225	16.2	16.25	18.55954	V	m15_data/M15-1_20190708_110327_d205_Nickel_V_c.fit
58672.461447	0.04167	16.28	16.265	16.295	19.15207	V	m15_data/M15-1_20190708_110429_d206_Nickel_V_c.fit
58672.463067	0.125	16.271	16.258	16.284	19.89221	V	m15_data/M15-1_20190708_110649_d207_Nickel_V_c.fit
58676.366632	0.01389	16.017	15.997	16.037	19.44826	V	m15_data/M15-1_20190712_084757_d159_Nickel_V_c.fit
58676.367847	0.04167	15.974	15.955	15.993	20.48215	V	m15_data/M15-1_20190712_084942_d160_Nickel_V_c.fit
58676.369421	0.125	15.989	15.981	15.997	20.63492	V	m15_data/M15-1_20190712_085158_d161_Nickel_V_c.fit
58683.310914	0.01389	16.014	15.995	16.033	18.81086	V	m15_data/M15-1_20190719_072743_d141_Nickel_V_c.fit
58683.311678	0.04167	16.005	15.991	16.019	19.49343	V	m15_data/M15-1_20190719_072849_d142_Nickel_V_c.fit
58683.312801	0.125	16.015	16.006	16.024	20.08945	V	m15_data/M15-1_20190719_073026_d143_Nickel_V_c.fit
58683.449016	0.01389	16.044	16.022	16.066	18.49483	V	m15_data/M15-1_20190719_104635_d173_Nickel_V_c.fit
58683.459653	0.04167	16.102	16.089	16.115	19.26437	V	m15_data/M15-1_20190719_110154_d175_Nickel_V_c.fit
58690.309838	0.01389	16.022	16.005	16.039	19.36918	V	m15_data/M15-1_20190726_072610_d164_Nickel_V_c.fit
58690.310799	0.04167	16.029	16.016	16.042	20.13734	V	m15_data/M15-1_20190726_072733_d165_Nickel_V_c.fit
58690.312037	0.125	16.034	16.023	16.045	20.45776	V	m15_data/M15-1_20190726_072920_d166_Nickel_V_c.fit
58694.348021	0.01389	15.769	15.748	15.79	18.86742	V	m15_data/M15-1_20190730_082109_d136_Nickel_V_c.fit
58694.348704	0.04167	15.816	15.801	15.831	19.71217	V	m15_data/M15-1_20190730_082208_d137_Nickel_V_c.fit
58694.349919	0.125	15.816	15.805	15.827	20.28874	V	m15_data/M15-1_20190730_082353_d138_Nickel_V_c.fit
58697.327257	0.01389	16.085	16.062	16.108	18.37948	V	m15_data/M15-1_20190802_075115_d157_Nickel_V_c.fit
58697.328356	0.04167	16.073	16.058	16.088	19.30632	V	m15_data/M15-1_20190802_075250_d158_Nickel_V_c.fit
58697.330845	0.125	16.095	16.083	16.107	19.908	V	m15_data/M15-1_20190802_075625_d159_Nickel_V_c.fit
58708.284421	0.01389	16.164	16.138	16.19	18.67537	B	m15_data/M15-1_20190813_064934_d157_Nickel_B_c.fit
58708.285891	0.01389	15.733	15.713	15.753	18.68999	V	m15_data/M15-1_20190813_065141_d158_Nickel_V_c.fit
58708.286586	0.04167	15.749	15.736	15.762	19.19352	V	m15_data/M15-1_20190813_065241_d159_Nickel_V_c.fit
58708.288727	0.125	15.782	15.77	15.794	19.77084	V	m15_data/M15-1_20190813_065546_d160_Nickel_V_c.fit
58721.298738	0.01389	15.763	15.749	15.777	19.31384	V	m15_data/M15-1_20190826_071011_d147_Nickel_V_c.fit
58721.29963	0.04167	15.729	15.716	15.742	20.06747	V	m15_data/M15-1_20190826_071128_d148_Nickel_V_c.fit
58721.301181	0.125	15.719	15.709	15.729	20.6455	V	m15_data/M15-1_20190826_071342_d149_Nickel_V_c.fit
58724.239155	0.01389	15.608	15.595	15.621	19.06717	V	m15_data/M15-1_20190829_054423_d154_Nickel_V_c.fit
58724.239896	0.04167	15.607	15.595	15.619	19.95714	V	m15_data/M15-1_20190829_054527_d155_Nickel_V_c.fit
58724.240972	0.125	15.639	15.629	15.649	20.41628	V	m15_data/M15-1_20190829_054700_d156_Nickel_V_c.fit
58728.180023	0.01389	16.151	16.136	16.166	19.27043	V	m15_data/M15-1_20190902_041914_d153_Nickel_V_c.fit
58728.180671	0.04167	16.171	16.161	16.181	20.08369	V	m15_data/M15-1_20190902_042010_d154_Nickel_V_c.fit
58728.181748	0.08333	16.194	16.186	16.202	20.24223	V	m15_data/M15-1_20190902_042143_d155_Nickel_V_c.fit
58731.157928	0.01389	15.461	15.451	15.471	19.24269	V	m15_data/M15-1_20190905_034725_d127_Nickel_V_c.fit
58731.160914	0.04167	15.464	15.457	15.471	20.05927	V	m15_data/M15-1_20190905_035143_d128_Nickel_V_c.fit
58731.162234	0.125	15.451	15.446	15.456	20.69797	V	m15_data/M15-1_20190905_035337_d129_Nickel_V_c.fit
58731.355382	0.01389	15.908	15.894	15.922	19.40821	V	m15_data/M15-1_20190905_083145_d185_Nickel_V_c.fit
58731.356562	0.04167	15.924	15.914	15.934	20.18801	V	m15_data/M15-1_20190905_083327_d186_Nickel_V_c.fit
58731.357697	0.125	15.889	15.881	15.897	20.8661	V	m15_data/M15-1_20190905_083505_d187_Nickel_V_c.fit
58735.276123	0.01389	15.405	15.391	15.419	18.63242	V	m15_data/M15-1_20190909_063737_d152_Nickel_V_c.fit
58735.279248	0.04167	15.379	15.367	15.391	19.40917	V	m15_data/M15-1_20190909_064207_d153_Nickel_V_c.fit
58735.28853	0.01389	15.354	15.341	15.367	18.53248	V	m15_data/M15-1_20190909_065529_d154_Nickel_V_c.fit
58735.290313	0.125	15.37	15.36	15.38	20.00187	V	m15_data/M15-1_20190909_065803_d155_Nickel_V_c.fit
58738.223773	0.01389	15.682	15.664	15.7	18.40103	V	m15_data/M15-1_20190912_052214_d157_Nickel_V_c.fit
58738.225255	0.04167	15.689	15.675	15.703	18.96857	V	m15_data/M15-1_20190912_052422_d158_Nickel_V_c.fit
58738.226528	0.125	15.685	15.676	15.694	19.20554	V	m15_data/M15-1_20190912_052612_d159_Nickel_V_c.fit
58751.207315	0.01389	16.791	16.76	16.822	19.55983	B	m15_data/M15-1_20190925_045832_d144_Nickel_B_c.fit
58751.20809	0.01389	16.18	16.159	16.201	19.52004	V	m15_data/M15-1_20190925_045939_d145_Nickel_V_c.fit
58751.208796	0.04167	16.19	16.178	16.202	20.40918	V	m15_data/M15-1_20190925_050040_d146_Nickel_V_c.fit
58751.21	0.125	16.201	16.193	16.209	20.95194	V	m15_data/M15-1_20190925_050224_d147_Nickel_V_c.fit
58759.19206	0.01389	15.762	15.745	15.779	19.28067	V	m15_data/M15-1_20191003_043634_d137_Nickel_V_c.fit
58759.193646	0.04167	15.788	15.774	15.802	20.10218	V	m15_data/M15-1_20191003_043851_d138_Nickel_V_c.fit
58759.194711	0.125	15.819	15.809	15.829	20.2705	V	m15_data/M15-1_20191003_044023_d139_Nickel_V_c.fit
58763.208287	0.01389	15.414	15.403	15.425	19.2917	V	m15_data/M15-1_20191007_045956_d137_Nickel_V_c.fit
58763.20897	0.04167	15.393	15.385	15.401	19.86022	V	m15_data/M15-1_20191007_050055_d138_Nickel_V_c.fit
58763.210961	0.125	15.406	15.399	15.413	20.48927	V	m15_data/M15-1_20191007_050347_d139_Nickel_V_c.fit
58768.299688	0.04167	15.89	15.875	15.905	19.07273	V	m15_data/M15-1_20191012_071133_d177_Nickel_V_c.fit
58768.300833	0.125	15.873	15.861	15.885	19.58893	V	m15_data/M15-1_20191012_071312_d178_Nickel_V_c.fit
58769.336493	0.01389	16.257	16.234	16.28	18.81033	V	m15_data/M15-1_20191013_080433_d301_Nickel_V_c.fit
58769.338206	0.04167	16.311	16.287	16.335	18.6558	V	m15_data/M15-1_20191013_080701_d302_Nickel_V_c.fit
58769.339769	0.125	16.238	16.228	16.248	19.58253	V	m15_data/M15-1_20191013_080916_d303_Nickel_V_c.fit
58775.245544	0.01389	15.882	15.864	15.9	18.80924	V	m15_data/M15-1_20191019_055335_d140_Nickel_V_c.fit
58775.246551	0.04167	15.889	15.879	15.899	19.66598	V	m15_data/M15-1_20191019_055502_d141_Nickel_V_c.fit
58775.248669	0.125	15.853	15.846	15.86	20.36661	V	m15_data/M15-1_20191019_055805_d142_Nickel_V_c.fit
58779.239028	0.01389	15.425	15.415	15.435	19.1437	V	m15_data/M15-1_20191023_054412_d135_Nickel_V_c.fit
58779.240162	0.04167	15.43	15.423	15.437	19.73787	V	m15_data/M15-1_20191023_054550_d136_Nickel_V_c.fit
58779.241319	0.125	15.431	15.426	15.436	20.42053	V	m15_data/M15-1_20191023_054730_d137_Nickel_V_c.fit
58788.156042	0.01389	16.228	16.209	16.247	19.19513	V	m15_data/M15-1_20191101_034442_d152_Nickel_V_c.fit
58788.156678	0.04167	16.261	16.25	16.272	19.73772	V	m15_data/M15-1_20191101_034537_d153_Nickel_V_c.fit
58788.157836	0.125	16.256	16.248	16.264	20.25072	V	m15_data/M15-1_20191101_034717_d154_Nickel_V_c.fit
58789.168426	0.01389	15.82	15.807	15.833	19.30954	V	m15_data/M15-1_20191102_040232_d144_Nickel_V_c.fit
58789.169375	0.04167	15.825	15.817	15.833	20.17845	V	m15_data/M15-1_20191102_040354_d145_Nickel_V_c.fit
58789.175174	0.125	16.113	16.046	16.18	20.57372	V	m15_data/M15-1_20191102_041215_d147_Nickel_V_c.fit
58789.270833	0.01389	16.001	15.979	16.023	19.03708	V	m15_data/M15-1_20191102_063000_d165_Nickel_V_c.fit
58789.271852	0.04167	15.965	15.952	15.978	19.77869	V	m15_data/M15-1_20191102_063128_d166_Nickel_V_c.fit
58789.274028	0.125	15.966	15.956	15.976	20.36166	V	m15_data/M15-1_20191102_063436_d167_Nickel_V_c.fit
58792.123275	0.01389	16.018	15.999	16.037	19.63961	V	m15_data/M15-1_20191105_025731_d144_Nickel_V_c.fit
58792.124271	0.04167	15.998	15.985	16.011	20.261	V	m15_data/M15-1_20191105_025857_d145_Nickel_V_c.fit
58792.125613	0.125	16.027	16.018	16.036	20.69817	V	m15_data/M15-1_20191105_030053_d146_Nickel_V_c.fit
58794.119664	0.01389	15.957	15.941	15.973	19.69215	V	m15_data/M15-1_20191107_025219_d132_Nickel_V_c.fit
58794.12037	0.04167	15.947	15.937	15.957	20.28321	V	m15_data/M15-1_20191107_025320_d133_Nickel_V_c.fit
58794.121481	0.125	15.952	15.945	15.959	20.52215	V	m15_data/M15-1_20191107_025456_d134_Nickel_V_c.fit
58805.086285	0.01389	15.557	15.544	15.57	19.24223	V	m15_data/M15-1_20191118_020415_d130_Nickel_V_c.fit
58805.08713	0.04167	15.525	15.515	15.535	20.12855	V	m15_data/M15-1_20191118_020528_d131_Nickel_V_c.fit
58805.177431	0.01389	15.791	15.778	15.804	19.18238	V	m15_data/M15-1_20191118_041530_d158_Nickel_V_c.fit
58805.178183	0.04167	15.785	15.776	15.794	19.82162	V	m15_data/M15-1_20191118_041635_d159_Nickel_V_c.fit
58805.179271	0.125	15.795	15.788	15.802	20.49798	V	m15_data/M15-1_20191118_041809_d160_Nickel_V_c.fit
