;; MJD	etburst	mag	-emag	+emag	limmag	filter	imagename
58653.391655	0.01389	16.057	16.041	16.073	19.233	V	m15_data/M15-1_20190619_092359_d167_Nickel_V_c.fit
58653.392604	0.04167	16.066	16.056	16.076	19.87951	V	m15_data/M15-1_20190619_092521_d168_Nickel_V_c.fit
58653.393877	0.125	16.06	16.053	16.067	20.43916	V	m15_data/M15-1_20190619_092711_d169_Nickel_V_c.fit
58653.397002	0.01389	16.054	16.037	16.071	19.23465	V	m15_data/M15-1_20190619_093141_d170_Nickel_V_c.fit
58653.397685	0.04167	16.069	16.06	16.078	19.92824	V	m15_data/M15-1_20190619_093240_d171_Nickel_V_c.fit
58658.382072	0.01389	15.827	15.814	15.84	19.04416	V	m15_data/M15-1_20190624_091011_d128_Nickel_V_c.fit
58658.382986	0.04167	15.849	15.841	15.857	19.15899	V	m15_data/M15-1_20190624_091130_d129_Nickel_V_c.fit
58658.384572	0.125	15.825	15.82	15.83	20.15376	V	m15_data/M15-1_20190624_091347_d130_Nickel_V_c.fit
58661.372257	0.01389	15.983	15.962	16.004	17.56241	V	m15_data/M15-1_20190627_085603_d141_Nickel_V_c.fit
58661.373958	0.04167	15.966	15.955	15.977	18.29244	V	m15_data/M15-1_20190627_085830_d142_Nickel_V_c.fit
58661.375359	0.125	15.971	15.965	15.977	18.9532	V	m15_data/M15-1_20190627_090031_d143_Nickel_V_c.fit
58661.378692	0.01389	15.955	15.933	15.977	17.60225	V	m15_data/M15-1_20190627_090519_d144_Nickel_V_c.fit
58664.394178	0.01389	16.063	16.044	16.082	19.00912	V	m15_data/M15-1_20190630_092737_d186_Nickel_V_c.fit
58664.394792	0.04167	16.083	16.072	16.094	19.82413	V	m15_data/M15-1_20190630_092830_d187_Nickel_V_c.fit
58664.39588	0.125	16.076	16.068	16.084	19.82164	V	m15_data/M15-1_20190630_093004_d188_Nickel_V_c.fit
58672.284537	0.01389	15.585	15.573	15.597	18.38564	V	m15_data/M15-1_20190708_064944_d159_Nickel_V_c.fit
58672.285752	0.04167	15.586	15.579	15.593	18.89846	V	m15_data/M15-1_20190708_065129_d160_Nickel_V_c.fit
58672.286991	0.125	15.597	15.592	15.602	19.53291	V	m15_data/M15-1_20190708_065316_d161_Nickel_V_c.fit
58672.460729	0.01389	15.901	15.886	15.916	18.58432	V	m15_data/M15-1_20190708_110327_d205_Nickel_V_c.fit
58672.461447	0.04167	15.889	15.88	15.898	19.19611	V	m15_data/M15-1_20190708_110429_d206_Nickel_V_c.fit
58672.463067	0.125	15.89	15.884	15.896	19.89937	V	m15_data/M15-1_20190708_110649_d207_Nickel_V_c.fit
58676.366632	0.01389	15.584	15.572	15.596	19.455	V	m15_data/M15-1_20190712_084757_d159_Nickel_V_c.fit
58676.367847	0.04167	15.569	15.559	15.579	20.48859	V	m15_data/M15-1_20190712_084942_d160_Nickel_V_c.fit
58676.369421	0.125	15.562	15.557	15.567	20.66491	V	m15_data/M15-1_20190712_085158_d161_Nickel_V_c.fit
58683.310914	0.01389	15.966	15.949	15.983	18.82064	V	m15_data/M15-1_20190719_072743_d141_Nickel_V_c.fit
58683.311678	0.04167	15.952	15.943	15.961	19.53091	V	m15_data/M15-1_20190719_072849_d142_Nickel_V_c.fit
58683.312801	0.125	15.941	15.934	15.948	20.09391	V	m15_data/M15-1_20190719_073026_d143_Nickel_V_c.fit
58683.449016	0.01389	15.46	15.446	15.474	18.49916	V	m15_data/M15-1_20190719_104635_d173_Nickel_V_c.fit
58683.459653	0.04167	15.556	15.548	15.564	19.28017	V	m15_data/M15-1_20190719_110154_d175_Nickel_V_c.fit
58690.309838	0.01389	16.033	16.018	16.048	19.39721	V	m15_data/M15-1_20190726_072610_d164_Nickel_V_c.fit
58690.310799	0.04167	16.032	16.021	16.043	20.14406	V	m15_data/M15-1_20190726_072733_d165_Nickel_V_c.fit
58690.312037	0.125	16.014	16.005	16.023	20.46721	V	m15_data/M15-1_20190726_072920_d166_Nickel_V_c.fit
58694.348021	0.01389	16.151	16.132	16.17	18.88683	V	m15_data/M15-1_20190730_082109_d136_Nickel_V_c.fit
58694.348704	0.04167	16.191	16.181	16.201	19.73043	V	m15_data/M15-1_20190730_082208_d137_Nickel_V_c.fit
58694.349919	0.125	16.18	16.173	16.187	20.31428	V	m15_data/M15-1_20190730_082353_d138_Nickel_V_c.fit
58697.327257	0.01389	16.021	16.004	16.038	18.39092	V	m15_data/M15-1_20190802_075115_d157_Nickel_V_c.fit
58697.328356	0.04167	16.029	16.02	16.038	19.32104	V	m15_data/M15-1_20190802_075250_d158_Nickel_V_c.fit
58697.330845	0.125	16.015	16.009	16.021	19.97557	V	m15_data/M15-1_20190802_075625_d159_Nickel_V_c.fit
58708.284421	0.01389	16.77	16.737	16.803	18.67727	B	m15_data/M15-1_20190813_064934_d157_Nickel_B_c.fit
58708.285891	0.01389	16.23	16.21	16.25	18.69223	V	m15_data/M15-1_20190813_065141_d158_Nickel_V_c.fit
58708.286586	0.04167	16.249	16.235	16.263	19.19671	V	m15_data/M15-1_20190813_065241_d159_Nickel_V_c.fit
58708.288727	0.125	16.24	16.231	16.249	19.77361	V	m15_data/M15-1_20190813_065546_d160_Nickel_V_c.fit
58721.298738	0.01389	15.959	15.945	15.973	19.31456	V	m15_data/M15-1_20190826_071011_d147_Nickel_V_c.fit
58721.29963	0.04167	15.939	15.93	15.948	20.08209	V	m15_data/M15-1_20190826_071128_d148_Nickel_V_c.fit
58721.301181	0.125	15.912	15.905	15.919	20.66243	V	m15_data/M15-1_20190826_071342_d149_Nickel_V_c.fit
58724.239155	0.01389	15.805	15.791	15.819	19.0855	V	m15_data/M15-1_20190829_054423_d154_Nickel_V_c.fit
58724.239896	0.04167	15.778	15.77	15.786	19.97161	V	m15_data/M15-1_20190829_054527_d155_Nickel_V_c.fit
58724.240972	0.125	15.751	15.746	15.756	20.4301	V	m15_data/M15-1_20190829_054700_d156_Nickel_V_c.fit
58728.180023	0.01389	16.24	16.224	16.256	19.28455	V	m15_data/M15-1_20190902_041914_d153_Nickel_V_c.fit
58728.180671	0.04167	16.227	16.22	16.234	20.09787	V	m15_data/M15-1_20190902_042010_d154_Nickel_V_c.fit
58728.181748	0.08333	16.227	16.22	16.234	20.29382	V	m15_data/M15-1_20190902_042143_d155_Nickel_V_c.fit
58731.157928	0.01389	16.214	16.197	16.231	19.25043	V	m15_data/M15-1_20190905_034725_d127_Nickel_V_c.fit
58731.160914	0.04167	16.24	16.232	16.248	20.07819	V	m15_data/M15-1_20190905_035143_d128_Nickel_V_c.fit
58731.162234	0.125	16.23	16.224	16.236	20.70181	V	m15_data/M15-1_20190905_035337_d129_Nickel_V_c.fit
58731.355382	0.01389	15.423	15.414	15.432	19.41162	V	m15_data/M15-1_20190905_083145_d185_Nickel_V_c.fit
58731.356562	0.04167	15.429	15.422	15.436	20.24496	V	m15_data/M15-1_20190905_083327_d186_Nickel_V_c.fit
58731.357697	0.125	15.43	15.423	15.437	20.89581	V	m15_data/M15-1_20190905_083505_d187_Nickel_V_c.fit
58735.276123	0.01389	16.173	16.152	16.194	18.63815	V	m15_data/M15-1_20190909_063737_d152_Nickel_V_c.fit
58735.279248	0.04167	16.137	16.125	16.149	19.44563	V	m15_data/M15-1_20190909_064207_d153_Nickel_V_c.fit
58735.28853	0.01389	16.146	16.125	16.167	18.55957	V	m15_data/M15-1_20190909_065529_d154_Nickel_V_c.fit
58735.290313	0.125	16.146	16.139	16.153	20.00731	V	m15_data/M15-1_20190909_065803_d155_Nickel_V_c.fit
58738.223773	0.01389	15.977	15.955	15.999	18.4056	V	m15_data/M15-1_20190912_052214_d157_Nickel_V_c.fit
58738.225255	0.04167	15.976	15.962	15.99	18.97021	V	m15_data/M15-1_20190912_052422_d158_Nickel_V_c.fit
58738.226528	0.125	15.956	15.947	15.965	19.21175	V	m15_data/M15-1_20190912_052612_d159_Nickel_V_c.fit
58751.207315	0.01389	15.624	15.61	15.638	19.57994	B	m15_data/M15-1_20190925_045832_d144_Nickel_B_c.fit
58751.20809	0.01389	15.405	15.396	15.414	19.52368	V	m15_data/M15-1_20190925_045939_d145_Nickel_V_c.fit
58751.208796	0.04167	15.398	15.392	15.404	20.43372	V	m15_data/M15-1_20190925_050040_d146_Nickel_V_c.fit
58751.21	0.125	15.414	15.409	15.419	20.99189	V	m15_data/M15-1_20190925_050224_d147_Nickel_V_c.fit
58759.19206	0.01389	16.103	16.084	16.122	19.2966	V	m15_data/M15-1_20191003_043634_d137_Nickel_V_c.fit
58759.193646	0.04167	16.156	16.144	16.168	20.14619	V	m15_data/M15-1_20191003_043851_d138_Nickel_V_c.fit
58759.194711	0.125	16.155	16.149	16.161	20.28309	V	m15_data/M15-1_20191003_044023_d139_Nickel_V_c.fit
58763.208287	0.01389	16.201	16.186	16.216	19.29356	V	m15_data/M15-1_20191007_045956_d137_Nickel_V_c.fit
58763.20897	0.04167	16.201	16.191	16.211	19.87045	V	m15_data/M15-1_20191007_050055_d138_Nickel_V_c.fit
58763.210961	0.125	16.194	16.188	16.2	20.51138	V	m15_data/M15-1_20191007_050347_d139_Nickel_V_c.fit
58768.299688	0.04167	15.94	15.927	15.953	19.07535	V	m15_data/M15-1_20191012_071133_d177_Nickel_V_c.fit
58768.300833	0.125	15.96	15.951	15.969	19.60124	V	m15_data/M15-1_20191012_071312_d178_Nickel_V_c.fit
58769.336493	0.01389	15.578	15.563	15.593	18.81097	V	m15_data/M15-1_20191013_080433_d301_Nickel_V_c.fit
58769.338206	0.04167	15.582	15.571	15.593	18.65901	V	m15_data/M15-1_20191013_080701_d302_Nickel_V_c.fit
58769.339769	0.125	15.587	15.58	15.594	19.58282	V	m15_data/M15-1_20191013_080916_d303_Nickel_V_c.fit
58775.245544	0.01389	15.787	15.773	15.801	18.82029	V	m15_data/M15-1_20191019_055335_d140_Nickel_V_c.fit
58775.246551	0.04167	15.8	15.793	15.807	19.68352	V	m15_data/M15-1_20191019_055502_d141_Nickel_V_c.fit
58775.248669	0.125	15.815	15.81	15.82	20.39786	V	m15_data/M15-1_20191019_055805_d142_Nickel_V_c.fit
58779.239028	0.01389	15.591	15.579	15.603	19.1698	V	m15_data/M15-1_20191023_054412_d135_Nickel_V_c.fit
58779.240162	0.04167	15.591	15.584	15.598	19.80464	V	m15_data/M15-1_20191023_054550_d136_Nickel_V_c.fit
58779.241319	0.125	15.594	15.589	15.599	20.4278	V	m15_data/M15-1_20191023_054730_d137_Nickel_V_c.fit
58788.156042	0.01389	15.906	15.893	15.919	19.22115	V	m15_data/M15-1_20191101_034442_d152_Nickel_V_c.fit
58788.156678	0.04167	15.916	15.907	15.925	19.75149	V	m15_data/M15-1_20191101_034537_d153_Nickel_V_c.fit
58788.157836	0.125	15.91	15.904	15.916	20.37218	V	m15_data/M15-1_20191101_034717_d154_Nickel_V_c.fit
58789.168426	0.01389	15.67	15.658	15.682	19.33548	V	m15_data/M15-1_20191102_040232_d144_Nickel_V_c.fit
58789.169375	0.04167	15.657	15.651	15.663	20.18407	V	m15_data/M15-1_20191102_040354_d145_Nickel_V_c.fit
58789.175174	0.125	15.67	15.665	15.675	20.58564	V	m15_data/M15-1_20191102_041215_d147_Nickel_V_c.fit
58789.270833	0.01389	15.84	15.826	15.854	19.04629	V	m15_data/M15-1_20191102_063000_d165_Nickel_V_c.fit
58789.271852	0.04167	15.836	15.828	15.844	19.83649	V	m15_data/M15-1_20191102_063128_d166_Nickel_V_c.fit
58789.274028	0.125	15.841	15.836	15.846	20.39322	V	m15_data/M15-1_20191102_063436_d167_Nickel_V_c.fit
58792.123275	0.01389	15.7	15.687	15.713	19.64619	V	m15_data/M15-1_20191105_025731_d144_Nickel_V_c.fit
58792.124271	0.04167	15.686	15.676	15.696	20.27221	V	m15_data/M15-1_20191105_025857_d145_Nickel_V_c.fit
58792.125613	0.125	15.708	15.7	15.716	20.72122	V	m15_data/M15-1_20191105_030053_d146_Nickel_V_c.fit
58794.119664	0.01389	15.964	15.946	15.982	19.70684	V	m15_data/M15-1_20191107_025219_d132_Nickel_V_c.fit
58794.12037	0.04167	15.964	15.955	15.973	20.31169	V	m15_data/M15-1_20191107_025320_d133_Nickel_V_c.fit
58794.121481	0.125	15.954	15.948	15.96	20.52811	V	m15_data/M15-1_20191107_025456_d134_Nickel_V_c.fit
58805.086285	0.01389	15.822	15.809	15.835	19.24762	V	m15_data/M15-1_20191118_020415_d130_Nickel_V_c.fit
58805.08713	0.04167	15.803	15.793	15.813	20.13422	V	m15_data/M15-1_20191118_020528_d131_Nickel_V_c.fit
58805.177431	0.01389	15.871	15.859	15.883	19.18409	V	m15_data/M15-1_20191118_041530_d158_Nickel_V_c.fit
58805.178183	0.04167	15.879	15.872	15.886	19.87171	V	m15_data/M15-1_20191118_041635_d159_Nickel_V_c.fit
58805.179271	0.125	15.89	15.885	15.895	20.50979	V	m15_data/M15-1_20191118_041809_d160_Nickel_V_c.fit
